F1 : 0.8575365114356572
Precision : 0.8707330721880246
Recall : 0.8447339847991314
