F1 : 0.9882197220383852
Precision : 0.9767137624280482
Recall : 1.0
