S1130-01082008000300010-1	116602009
S1130-01082008000300010-1	27192005
S1130-01082008000300010-1	54237000
S1130-01082008000300010-1	24655002
S1130-01082008000300010-1	24099007
S1130-01082008000300010-1	38082009
S1130-01082008000300010-1	47703008
S1130-01082008000300010-1	264324001
