F1 : 0.9878960484158064
Precision : 0.9760816039395005
Recall : 1.0
